ApiController.java,edu.ucsb.cs156.example.controllers.ApiController,org.pitest.mutationtest.engine.gregor.mutators.returns.NullReturnValsMutator,genericMessage,34,KILLED,edu.ucsb.cs156.example.controllers.ApiControllerTests.[engine:junit-jupiter]/[class:edu.ucsb.cs156.example.controllers.ApiControllerTests]/[method:generic_message_test()]
ApiController.java,edu.ucsb.cs156.example.controllers.ApiController,org.pitest.mutationtest.engine.gregor.mutators.returns.NullReturnValsMutator,getCurrentUser,24,KILLED,edu.ucsb.cs156.example.controllers.UserInfoControllerTests.[engine:junit-jupiter]/[class:edu.ucsb.cs156.example.controllers.UserInfoControllerTests]/[method:currentUser__logged_in()]
ApiController.java,edu.ucsb.cs156.example.controllers.ApiController,org.pitest.mutationtest.engine.gregor.mutators.returns.NullReturnValsMutator,handleGenericException,46,KILLED,edu.ucsb.cs156.example.controllers.UCSBDiningCommonsMenuItemControllerTests.[engine:junit-jupiter]/[class:edu.ucsb.cs156.example.controllers.UCSBDiningCommonsMenuItemControllerTests]/[method:admin_tries_to_delete_non_existant_UCSBDiningCommonsMenuItem_and_gets_right_error_message()]
ArticlesController.java,edu.ucsb.cs156.example.controllers.ArticlesController,org.pitest.mutationtest.engine.gregor.mutators.returns.EmptyObjectReturnValsMutator,allArticles,39,KILLED,edu.ucsb.cs156.example.controllers.ArticlesControllerTests.[engine:junit-jupiter]/[class:edu.ucsb.cs156.example.controllers.ArticlesControllerTests]/[method:logged_in_user_can_get_all_articles()]
ArticlesController.java,edu.ucsb.cs156.example.controllers.ArticlesController,org.pitest.mutationtest.engine.gregor.mutators.VoidMethodCallMutator,postArticle,75,KILLED,edu.ucsb.cs156.example.controllers.ArticlesControllerTests.[engine:junit-jupiter]/[class:edu.ucsb.cs156.example.controllers.ArticlesControllerTests]/[method:an_admin_user_can_post_a_new_article()]
ArticlesController.java,edu.ucsb.cs156.example.controllers.ArticlesController,org.pitest.mutationtest.engine.gregor.mutators.VoidMethodCallMutator,postArticle,76,KILLED,edu.ucsb.cs156.example.controllers.ArticlesControllerTests.[engine:junit-jupiter]/[class:edu.ucsb.cs156.example.controllers.ArticlesControllerTests]/[method:an_admin_user_can_post_a_new_article()]
ArticlesController.java,edu.ucsb.cs156.example.controllers.ArticlesController,org.pitest.mutationtest.engine.gregor.mutators.VoidMethodCallMutator,postArticle,77,KILLED,edu.ucsb.cs156.example.controllers.ArticlesControllerTests.[engine:junit-jupiter]/[class:edu.ucsb.cs156.example.controllers.ArticlesControllerTests]/[method:an_admin_user_can_post_a_new_article()]
ArticlesController.java,edu.ucsb.cs156.example.controllers.ArticlesController,org.pitest.mutationtest.engine.gregor.mutators.VoidMethodCallMutator,postArticle,78,KILLED,edu.ucsb.cs156.example.controllers.ArticlesControllerTests.[engine:junit-jupiter]/[class:edu.ucsb.cs156.example.controllers.ArticlesControllerTests]/[method:an_admin_user_can_post_a_new_article()]
ArticlesController.java,edu.ucsb.cs156.example.controllers.ArticlesController,org.pitest.mutationtest.engine.gregor.mutators.VoidMethodCallMutator,postArticle,79,KILLED,edu.ucsb.cs156.example.controllers.ArticlesControllerTests.[engine:junit-jupiter]/[class:edu.ucsb.cs156.example.controllers.ArticlesControllerTests]/[method:an_admin_user_can_post_a_new_article()]
ArticlesController.java,edu.ucsb.cs156.example.controllers.ArticlesController,org.pitest.mutationtest.engine.gregor.mutators.returns.NullReturnValsMutator,postArticle,83,KILLED,edu.ucsb.cs156.example.controllers.ArticlesControllerTests.[engine:junit-jupiter]/[class:edu.ucsb.cs156.example.controllers.ArticlesControllerTests]/[method:an_admin_user_can_post_a_new_article()]
CSRFController.java,edu.ucsb.cs156.example.controllers.CSRFController,org.pitest.mutationtest.engine.gregor.mutators.returns.NullReturnValsMutator,csrf,30,KILLED,edu.ucsb.cs156.example.controllers.CSRFControllerTests.[engine:junit-jupiter]/[class:edu.ucsb.cs156.example.controllers.CSRFControllerTests]/[method:csrf_returns_ok()]
HomepageController.java,edu.ucsb.cs156.example.controllers.HomepageController,org.pitest.mutationtest.engine.gregor.mutators.NegateConditionalsMutator,getLoggedInAs,41,KILLED,edu.ucsb.cs156.example.controllers.HomepageControllerTests.[engine:junit-jupiter]/[class:edu.ucsb.cs156.example.controllers.HomepageControllerTests]/[method:test_homepage_admin_logged_in()]
HomepageController.java,edu.ucsb.cs156.example.controllers.HomepageController,org.pitest.mutationtest.engine.gregor.mutators.returns.EmptyObjectReturnValsMutator,getLoggedInAs,41,KILLED,edu.ucsb.cs156.example.controllers.HomepageControllerTests.[engine:junit-jupiter]/[class:edu.ucsb.cs156.example.controllers.HomepageControllerTests]/[method:test_homepage_admin_logged_in()]
HomepageController.java,edu.ucsb.cs156.example.controllers.HomepageController,org.pitest.mutationtest.engine.gregor.mutators.NegateConditionalsMutator,getLoginLogoutLink,33,KILLED,edu.ucsb.cs156.example.controllers.HomepageControllerTests.[engine:junit-jupiter]/[class:edu.ucsb.cs156.example.controllers.HomepageControllerTests]/[method:test_homepage_admin_logged_in()]
HomepageController.java,edu.ucsb.cs156.example.controllers.HomepageController,org.pitest.mutationtest.engine.gregor.mutators.returns.EmptyObjectReturnValsMutator,getLoginLogoutLink,33,KILLED,edu.ucsb.cs156.example.controllers.HomepageControllerTests.[engine:junit-jupiter]/[class:edu.ucsb.cs156.example.controllers.HomepageControllerTests]/[method:test_homepage_admin_logged_in()]
HomepageController.java,edu.ucsb.cs156.example.controllers.HomepageController,org.pitest.mutationtest.engine.gregor.mutators.returns.EmptyObjectReturnValsMutator,getRoles,48,KILLED,edu.ucsb.cs156.example.controllers.HomepageControllerTests.[engine:junit-jupiter]/[class:edu.ucsb.cs156.example.controllers.HomepageControllerTests]/[method:test_homepage_admin_logged_in()]
HomepageController.java,edu.ucsb.cs156.example.controllers.HomepageController,org.pitest.mutationtest.engine.gregor.mutators.returns.EmptyObjectReturnValsMutator,index,28,KILLED,edu.ucsb.cs156.example.controllers.HomepageControllerTests.[engine:junit-jupiter]/[class:edu.ucsb.cs156.example.controllers.HomepageControllerTests]/[method:test_homepage_admin_logged_in()]
JobsController.java,edu.ucsb.cs156.example.controllers.JobsController,org.pitest.mutationtest.engine.gregor.mutators.returns.EmptyObjectReturnValsMutator,allJobs,41,KILLED,edu.ucsb.cs156.example.controllers.JobsControllerTests.[engine:junit-jupiter]/[class:edu.ucsb.cs156.example.controllers.JobsControllerTests]/[method:admin_can_get_all_jobs()]
JobsController.java,edu.ucsb.cs156.example.controllers.JobsController,org.pitest.mutationtest.engine.gregor.mutators.VoidMethodCallMutator,deleteAllJobs,48,KILLED,edu.ucsb.cs156.example.controllers.JobsControllerTests.[engine:junit-jupiter]/[class:edu.ucsb.cs156.example.controllers.JobsControllerTests]/[method:admin_can_delete_all_jobs()]
JobsController.java,edu.ucsb.cs156.example.controllers.JobsController,org.pitest.mutationtest.engine.gregor.mutators.returns.EmptyObjectReturnValsMutator,deleteAllJobs,49,KILLED,edu.ucsb.cs156.example.controllers.JobsControllerTests.[engine:junit-jupiter]/[class:edu.ucsb.cs156.example.controllers.JobsControllerTests]/[method:admin_can_delete_all_jobs()]
JobsController.java,edu.ucsb.cs156.example.controllers.JobsController,org.pitest.mutationtest.engine.gregor.mutators.NegateConditionalsMutator,deleteAllJobs,69,KILLED,edu.ucsb.cs156.example.controllers.JobsControllerTests.[engine:junit-jupiter]/[class:edu.ucsb.cs156.example.controllers.JobsControllerTests]/[method:admin_can_delete_specific_job()]
JobsController.java,edu.ucsb.cs156.example.controllers.JobsController,org.pitest.mutationtest.engine.gregor.mutators.VoidMethodCallMutator,deleteAllJobs,72,KILLED,edu.ucsb.cs156.example.controllers.JobsControllerTests.[engine:junit-jupiter]/[class:edu.ucsb.cs156.example.controllers.JobsControllerTests]/[method:admin_can_delete_specific_job()]
JobsController.java,edu.ucsb.cs156.example.controllers.JobsController,org.pitest.mutationtest.engine.gregor.mutators.returns.EmptyObjectReturnValsMutator,deleteAllJobs,70,KILLED,edu.ucsb.cs156.example.controllers.JobsControllerTests.[engine:junit-jupiter]/[class:edu.ucsb.cs156.example.controllers.JobsControllerTests]/[method:admin_gets_reasonable_error_when_deleting_non_existing_job()]
JobsController.java,edu.ucsb.cs156.example.controllers.JobsController,org.pitest.mutationtest.engine.gregor.mutators.returns.EmptyObjectReturnValsMutator,deleteAllJobs,73,KILLED,edu.ucsb.cs156.example.controllers.JobsControllerTests.[engine:junit-jupiter]/[class:edu.ucsb.cs156.example.controllers.JobsControllerTests]/[method:admin_can_delete_specific_job()]
JobsController.java,edu.ucsb.cs156.example.controllers.JobsController,org.pitest.mutationtest.engine.gregor.mutators.returns.NullReturnValsMutator,getJobLogById,62,KILLED,edu.ucsb.cs156.example.controllers.JobsControllerTests.[engine:junit-jupiter]/[class:edu.ucsb.cs156.example.controllers.JobsControllerTests]/[method:api_getJobLogById__admin_logged_in__returns_job_by_id()]
JobsController.java,edu.ucsb.cs156.example.controllers.JobsController,org.pitest.mutationtest.engine.gregor.mutators.returns.EmptyObjectReturnValsMutator,getJobLogs,92,KILLED,edu.ucsb.cs156.example.controllers.JobsControllerTests.[engine:junit-jupiter]/[class:edu.ucsb.cs156.example.controllers.JobsControllerTests]/[method:test_getJobLogs_admin_can_get_job_log()]
JobsController.java,edu.ucsb.cs156.example.controllers.JobsController,org.pitest.mutationtest.engine.gregor.mutators.returns.NullReturnValsMutator,lambda$getJobLogById$0,60,KILLED,edu.ucsb.cs156.example.controllers.JobsControllerTests.[engine:junit-jupiter]/[class:edu.ucsb.cs156.example.controllers.JobsControllerTests]/[method:api_getJobLogById__admin_logged_in__returns_not_found_for_missing_job()]
JobsController.java,edu.ucsb.cs156.example.controllers.JobsController,org.pitest.mutationtest.engine.gregor.mutators.returns.NullReturnValsMutator,launchTestJob,84,KILLED,edu.ucsb.cs156.example.controllers.JobsControllerTests.[engine:junit-jupiter]/[class:edu.ucsb.cs156.example.controllers.JobsControllerTests]/[method:admin_can_launch_test_job()]
RecommendationRequestsController.java,edu.ucsb.cs156.example.controllers.RecommendationRequestsController,org.pitest.mutationtest.engine.gregor.mutators.returns.EmptyObjectReturnValsMutator,allRecommendationRequests,45,KILLED,edu.ucsb.cs156.example.controllers.RecommendationRequestsControllerTests.[engine:junit-jupiter]/[class:edu.ucsb.cs156.example.controllers.RecommendationRequestsControllerTests]/[method:logged_in_user_can_get_all_recommendationrequests()]
RecommendationRequestsController.java,edu.ucsb.cs156.example.controllers.RecommendationRequestsController,org.pitest.mutationtest.engine.gregor.mutators.VoidMethodCallMutator,deleteRecommendationRequest,161,KILLED,edu.ucsb.cs156.example.controllers.RecommendationRequestsControllerTests.[engine:junit-jupiter]/[class:edu.ucsb.cs156.example.controllers.RecommendationRequestsControllerTests]/[method:admin_can_delete_a_recommendationrequest()]
RecommendationRequestsController.java,edu.ucsb.cs156.example.controllers.RecommendationRequestsController,org.pitest.mutationtest.engine.gregor.mutators.returns.NullReturnValsMutator,deleteRecommendationRequest,162,KILLED,edu.ucsb.cs156.example.controllers.RecommendationRequestsControllerTests.[engine:junit-jupiter]/[class:edu.ucsb.cs156.example.controllers.RecommendationRequestsControllerTests]/[method:admin_can_delete_a_recommendationrequest()]
RecommendationRequestsController.java,edu.ucsb.cs156.example.controllers.RecommendationRequestsController,org.pitest.mutationtest.engine.gregor.mutators.returns.NullReturnValsMutator,getById,112,KILLED,edu.ucsb.cs156.example.controllers.RecommendationRequestsControllerTests.[engine:junit-jupiter]/[class:edu.ucsb.cs156.example.controllers.RecommendationRequestsControllerTests]/[method:test_that_logged_in_user_can_get_by_id_when_the_id_does_exists()]
RecommendationRequestsController.java,edu.ucsb.cs156.example.controllers.RecommendationRequestsController,org.pitest.mutationtest.engine.gregor.mutators.returns.NullReturnValsMutator,lambda$deleteRecommendationRequest$2,159,KILLED,edu.ucsb.cs156.example.controllers.RecommendationRequestsControllerTests.[engine:junit-jupiter]/[class:edu.ucsb.cs156.example.controllers.RecommendationRequestsControllerTests]/[method:admin_tries_to_delete_non_existant_recommendationrequest_and_gets_right_error_message()]
RecommendationRequestsController.java,edu.ucsb.cs156.example.controllers.RecommendationRequestsController,org.pitest.mutationtest.engine.gregor.mutators.returns.NullReturnValsMutator,lambda$getById$0,110,KILLED,edu.ucsb.cs156.example.controllers.RecommendationRequestsControllerTests.[engine:junit-jupiter]/[class:edu.ucsb.cs156.example.controllers.RecommendationRequestsControllerTests]/[method:test_that_logged_in_user_can_get_by_id_when_the_id_does_not_exist()]
RecommendationRequestsController.java,edu.ucsb.cs156.example.controllers.RecommendationRequestsController,org.pitest.mutationtest.engine.gregor.mutators.returns.NullReturnValsMutator,lambda$updateRecommendationRequest$1,132,KILLED,edu.ucsb.cs156.example.controllers.RecommendationRequestsControllerTests.[engine:junit-jupiter]/[class:edu.ucsb.cs156.example.controllers.RecommendationRequestsControllerTests]/[method:admin_cannot_edit_recommendationrequest_that_does_not_exist()]
RecommendationRequestsController.java,edu.ucsb.cs156.example.controllers.RecommendationRequestsController,org.pitest.mutationtest.engine.gregor.mutators.VoidMethodCallMutator,postRecommendationRequest,84,KILLED,edu.ucsb.cs156.example.controllers.RecommendationRequestsControllerTests.[engine:junit-jupiter]/[class:edu.ucsb.cs156.example.controllers.RecommendationRequestsControllerTests]/[method:an_admin_user_can_post_a_new_recommendationrequest()]
RecommendationRequestsController.java,edu.ucsb.cs156.example.controllers.RecommendationRequestsController,org.pitest.mutationtest.engine.gregor.mutators.VoidMethodCallMutator,postRecommendationRequest,85,KILLED,edu.ucsb.cs156.example.controllers.RecommendationRequestsControllerTests.[engine:junit-jupiter]/[class:edu.ucsb.cs156.example.controllers.RecommendationRequestsControllerTests]/[method:an_admin_user_can_post_a_new_recommendationrequest()]
RecommendationRequestsController.java,edu.ucsb.cs156.example.controllers.RecommendationRequestsController,org.pitest.mutationtest.engine.gregor.mutators.VoidMethodCallMutator,postRecommendationRequest,86,KILLED,edu.ucsb.cs156.example.controllers.RecommendationRequestsControllerTests.[engine:junit-jupiter]/[class:edu.ucsb.cs156.example.controllers.RecommendationRequestsControllerTests]/[method:an_admin_user_can_post_a_new_recommendationrequest()]
RecommendationRequestsController.java,edu.ucsb.cs156.example.controllers.RecommendationRequestsController,org.pitest.mutationtest.engine.gregor.mutators.VoidMethodCallMutator,postRecommendationRequest,87,KILLED,edu.ucsb.cs156.example.controllers.RecommendationRequestsControllerTests.[engine:junit-jupiter]/[class:edu.ucsb.cs156.example.controllers.RecommendationRequestsControllerTests]/[method:an_admin_user_can_post_a_new_recommendationrequest()]
RecommendationRequestsController.java,edu.ucsb.cs156.example.controllers.RecommendationRequestsController,org.pitest.mutationtest.engine.gregor.mutators.VoidMethodCallMutator,postRecommendationRequest,88,KILLED,edu.ucsb.cs156.example.controllers.RecommendationRequestsControllerTests.[engine:junit-jupiter]/[class:edu.ucsb.cs156.example.controllers.RecommendationRequestsControllerTests]/[method:an_admin_user_can_post_a_new_recommendationrequest()]
RecommendationRequestsController.java,edu.ucsb.cs156.example.controllers.RecommendationRequestsController,org.pitest.mutationtest.engine.gregor.mutators.VoidMethodCallMutator,postRecommendationRequest,89,KILLED,edu.ucsb.cs156.example.controllers.RecommendationRequestsControllerTests.[engine:junit-jupiter]/[class:edu.ucsb.cs156.example.controllers.RecommendationRequestsControllerTests]/[method:an_admin_user_can_post_a_new_recommendationrequest()]
RecommendationRequestsController.java,edu.ucsb.cs156.example.controllers.RecommendationRequestsController,org.pitest.mutationtest.engine.gregor.mutators.returns.NullReturnValsMutator,postRecommendationRequest,94,KILLED,edu.ucsb.cs156.example.controllers.RecommendationRequestsControllerTests.[engine:junit-jupiter]/[class:edu.ucsb.cs156.example.controllers.RecommendationRequestsControllerTests]/[method:an_admin_user_can_post_a_new_recommendationrequest()]
RecommendationRequestsController.java,edu.ucsb.cs156.example.controllers.RecommendationRequestsController,org.pitest.mutationtest.engine.gregor.mutators.VoidMethodCallMutator,updateRecommendationRequest,134,KILLED,edu.ucsb.cs156.example.controllers.RecommendationRequestsControllerTests.[engine:junit-jupiter]/[class:edu.ucsb.cs156.example.controllers.RecommendationRequestsControllerTests]/[method:admin_can_edit_an_existing_recommendationrequest()]
RecommendationRequestsController.java,edu.ucsb.cs156.example.controllers.RecommendationRequestsController,org.pitest.mutationtest.engine.gregor.mutators.VoidMethodCallMutator,updateRecommendationRequest,135,KILLED,edu.ucsb.cs156.example.controllers.RecommendationRequestsControllerTests.[engine:junit-jupiter]/[class:edu.ucsb.cs156.example.controllers.RecommendationRequestsControllerTests]/[method:admin_can_edit_an_existing_recommendationrequest()]
RecommendationRequestsController.java,edu.ucsb.cs156.example.controllers.RecommendationRequestsController,org.pitest.mutationtest.engine.gregor.mutators.VoidMethodCallMutator,updateRecommendationRequest,136,KILLED,edu.ucsb.cs156.example.controllers.RecommendationRequestsControllerTests.[engine:junit-jupiter]/[class:edu.ucsb.cs156.example.controllers.RecommendationRequestsControllerTests]/[method:admin_can_edit_an_existing_recommendationrequest()]
RecommendationRequestsController.java,edu.ucsb.cs156.example.controllers.RecommendationRequestsController,org.pitest.mutationtest.engine.gregor.mutators.VoidMethodCallMutator,updateRecommendationRequest,137,KILLED,edu.ucsb.cs156.example.controllers.RecommendationRequestsControllerTests.[engine:junit-jupiter]/[class:edu.ucsb.cs156.example.controllers.RecommendationRequestsControllerTests]/[method:admin_can_edit_an_existing_recommendationrequest()]
RecommendationRequestsController.java,edu.ucsb.cs156.example.controllers.RecommendationRequestsController,org.pitest.mutationtest.engine.gregor.mutators.VoidMethodCallMutator,updateRecommendationRequest,138,KILLED,edu.ucsb.cs156.example.controllers.RecommendationRequestsControllerTests.[engine:junit-jupiter]/[class:edu.ucsb.cs156.example.controllers.RecommendationRequestsControllerTests]/[method:admin_can_edit_an_existing_recommendationrequest()]
RecommendationRequestsController.java,edu.ucsb.cs156.example.controllers.RecommendationRequestsController,org.pitest.mutationtest.engine.gregor.mutators.VoidMethodCallMutator,updateRecommendationRequest,139,KILLED,edu.ucsb.cs156.example.controllers.RecommendationRequestsControllerTests.[engine:junit-jupiter]/[class:edu.ucsb.cs156.example.controllers.RecommendationRequestsControllerTests]/[method:admin_can_edit_an_existing_recommendationrequest()]
RecommendationRequestsController.java,edu.ucsb.cs156.example.controllers.RecommendationRequestsController,org.pitest.mutationtest.engine.gregor.mutators.returns.NullReturnValsMutator,updateRecommendationRequest,143,KILLED,edu.ucsb.cs156.example.controllers.RecommendationRequestsControllerTests.[engine:junit-jupiter]/[class:edu.ucsb.cs156.example.controllers.RecommendationRequestsControllerTests]/[method:admin_can_edit_an_existing_recommendationrequest()]
RestaurantsController.java,edu.ucsb.cs156.example.controllers.RestaurantsController,org.pitest.mutationtest.engine.gregor.mutators.returns.EmptyObjectReturnValsMutator,allRestaurants,39,KILLED,edu.ucsb.cs156.example.controllers.RestaurantsControllerTests.[engine:junit-jupiter]/[class:edu.ucsb.cs156.example.controllers.RestaurantsControllerTests]/[method:logged_in_user_can_get_all_restaurants()]
RestaurantsController.java,edu.ucsb.cs156.example.controllers.RestaurantsController,org.pitest.mutationtest.engine.gregor.mutators.VoidMethodCallMutator,deleteRestaurant,97,KILLED,edu.ucsb.cs156.example.controllers.RestaurantsControllerTests.[engine:junit-jupiter]/[class:edu.ucsb.cs156.example.controllers.RestaurantsControllerTests]/[method:admin_can_delete_a_restaurant()]
RestaurantsController.java,edu.ucsb.cs156.example.controllers.RestaurantsController,org.pitest.mutationtest.engine.gregor.mutators.returns.NullReturnValsMutator,deleteRestaurant,98,KILLED,edu.ucsb.cs156.example.controllers.RestaurantsControllerTests.[engine:junit-jupiter]/[class:edu.ucsb.cs156.example.controllers.RestaurantsControllerTests]/[method:admin_can_delete_a_restaurant()]
RestaurantsController.java,edu.ucsb.cs156.example.controllers.RestaurantsController,org.pitest.mutationtest.engine.gregor.mutators.returns.NullReturnValsMutator,getById,57,KILLED,edu.ucsb.cs156.example.controllers.RestaurantsControllerTests.[engine:junit-jupiter]/[class:edu.ucsb.cs156.example.controllers.RestaurantsControllerTests]/[method:test_that_logged_in_user_can_get_by_id_when_the_id_exists()]
RestaurantsController.java,edu.ucsb.cs156.example.controllers.RestaurantsController,org.pitest.mutationtest.engine.gregor.mutators.returns.NullReturnValsMutator,lambda$deleteRestaurant$1,95,KILLED,edu.ucsb.cs156.example.controllers.RestaurantsControllerTests.[engine:junit-jupiter]/[class:edu.ucsb.cs156.example.controllers.RestaurantsControllerTests]/[method:admin_tries_to_delete_non_existant_restaurant_and_gets_right_error_message()]
RestaurantsController.java,edu.ucsb.cs156.example.controllers.RestaurantsController,org.pitest.mutationtest.engine.gregor.mutators.returns.NullReturnValsMutator,lambda$getById$0,55,KILLED,edu.ucsb.cs156.example.controllers.RestaurantsControllerTests.[engine:junit-jupiter]/[class:edu.ucsb.cs156.example.controllers.RestaurantsControllerTests]/[method:test_that_logged_in_user_can_get_by_id_when_the_id_does_not_exist()]
RestaurantsController.java,edu.ucsb.cs156.example.controllers.RestaurantsController,org.pitest.mutationtest.engine.gregor.mutators.returns.NullReturnValsMutator,lambda$updateRestaurant$2,117,KILLED,edu.ucsb.cs156.example.controllers.RestaurantsControllerTests.[engine:junit-jupiter]/[class:edu.ucsb.cs156.example.controllers.RestaurantsControllerTests]/[method:admin_cannot_edit_restaurant_that_does_not_exist()]
RestaurantsController.java,edu.ucsb.cs156.example.controllers.RestaurantsController,org.pitest.mutationtest.engine.gregor.mutators.VoidMethodCallMutator,postRestaurant,75,KILLED,edu.ucsb.cs156.example.controllers.RestaurantsControllerTests.[engine:junit-jupiter]/[class:edu.ucsb.cs156.example.controllers.RestaurantsControllerTests]/[method:an_admin_user_can_post_a_new_restaurant()]
RestaurantsController.java,edu.ucsb.cs156.example.controllers.RestaurantsController,org.pitest.mutationtest.engine.gregor.mutators.VoidMethodCallMutator,postRestaurant,76,KILLED,edu.ucsb.cs156.example.controllers.RestaurantsControllerTests.[engine:junit-jupiter]/[class:edu.ucsb.cs156.example.controllers.RestaurantsControllerTests]/[method:an_admin_user_can_post_a_new_restaurant()]
RestaurantsController.java,edu.ucsb.cs156.example.controllers.RestaurantsController,org.pitest.mutationtest.engine.gregor.mutators.returns.NullReturnValsMutator,postRestaurant,79,KILLED,edu.ucsb.cs156.example.controllers.RestaurantsControllerTests.[engine:junit-jupiter]/[class:edu.ucsb.cs156.example.controllers.RestaurantsControllerTests]/[method:an_admin_user_can_post_a_new_restaurant()]
RestaurantsController.java,edu.ucsb.cs156.example.controllers.RestaurantsController,org.pitest.mutationtest.engine.gregor.mutators.VoidMethodCallMutator,updateRestaurant,119,KILLED,edu.ucsb.cs156.example.controllers.RestaurantsControllerTests.[engine:junit-jupiter]/[class:edu.ucsb.cs156.example.controllers.RestaurantsControllerTests]/[method:admin_can_edit_an_existing_restaurant()]
RestaurantsController.java,edu.ucsb.cs156.example.controllers.RestaurantsController,org.pitest.mutationtest.engine.gregor.mutators.VoidMethodCallMutator,updateRestaurant,120,KILLED,edu.ucsb.cs156.example.controllers.RestaurantsControllerTests.[engine:junit-jupiter]/[class:edu.ucsb.cs156.example.controllers.RestaurantsControllerTests]/[method:admin_can_edit_an_existing_restaurant()]
RestaurantsController.java,edu.ucsb.cs156.example.controllers.RestaurantsController,org.pitest.mutationtest.engine.gregor.mutators.returns.NullReturnValsMutator,updateRestaurant,124,KILLED,edu.ucsb.cs156.example.controllers.RestaurantsControllerTests.[engine:junit-jupiter]/[class:edu.ucsb.cs156.example.controllers.RestaurantsControllerTests]/[method:admin_can_edit_an_existing_restaurant()]
SystemInfoController.java,edu.ucsb.cs156.example.controllers.SystemInfoController,org.pitest.mutationtest.engine.gregor.mutators.returns.NullReturnValsMutator,getSystemInfo,38,KILLED,edu.ucsb.cs156.example.controllers.SystemInfoControllerTests.[engine:junit-jupiter]/[class:edu.ucsb.cs156.example.controllers.SystemInfoControllerTests]/[method:systemInfo__admin_logged_in()]
UCSBDatesController.java,edu.ucsb.cs156.example.controllers.UCSBDatesController,org.pitest.mutationtest.engine.gregor.mutators.returns.EmptyObjectReturnValsMutator,allUCSBDates,44,KILLED,edu.ucsb.cs156.example.controllers.UCSBDatesControllerTests.[engine:junit-jupiter]/[class:edu.ucsb.cs156.example.controllers.UCSBDatesControllerTests]/[method:logged_in_user_can_get_all_ucsbdates()]
UCSBDatesController.java,edu.ucsb.cs156.example.controllers.UCSBDatesController,org.pitest.mutationtest.engine.gregor.mutators.VoidMethodCallMutator,deleteUCSBDate,118,KILLED,edu.ucsb.cs156.example.controllers.UCSBDatesControllerTests.[engine:junit-jupiter]/[class:edu.ucsb.cs156.example.controllers.UCSBDatesControllerTests]/[method:admin_can_delete_a_date()]
UCSBDatesController.java,edu.ucsb.cs156.example.controllers.UCSBDatesController,org.pitest.mutationtest.engine.gregor.mutators.returns.NullReturnValsMutator,deleteUCSBDate,119,KILLED,edu.ucsb.cs156.example.controllers.UCSBDatesControllerTests.[engine:junit-jupiter]/[class:edu.ucsb.cs156.example.controllers.UCSBDatesControllerTests]/[method:admin_can_delete_a_date()]
UCSBDatesController.java,edu.ucsb.cs156.example.controllers.UCSBDatesController,org.pitest.mutationtest.engine.gregor.mutators.returns.NullReturnValsMutator,getById,62,KILLED,edu.ucsb.cs156.example.controllers.UCSBDatesControllerTests.[engine:junit-jupiter]/[class:edu.ucsb.cs156.example.controllers.UCSBDatesControllerTests]/[method:test_that_logged_in_user_can_get_by_id_when_the_id_exists()]
UCSBDatesController.java,edu.ucsb.cs156.example.controllers.UCSBDatesController,org.pitest.mutationtest.engine.gregor.mutators.returns.NullReturnValsMutator,lambda$deleteUCSBDate$1,116,KILLED,edu.ucsb.cs156.example.controllers.UCSBDatesControllerTests.[engine:junit-jupiter]/[class:edu.ucsb.cs156.example.controllers.UCSBDatesControllerTests]/[method:admin_tries_to_delete_non_existant_ucsbdate_and_gets_right_error_message()]
UCSBDatesController.java,edu.ucsb.cs156.example.controllers.UCSBDatesController,org.pitest.mutationtest.engine.gregor.mutators.returns.NullReturnValsMutator,lambda$getById$0,60,KILLED,edu.ucsb.cs156.example.controllers.UCSBDatesControllerTests.[engine:junit-jupiter]/[class:edu.ucsb.cs156.example.controllers.UCSBDatesControllerTests]/[method:test_that_logged_in_user_can_get_by_id_when_the_id_does_not_exist()]
UCSBDatesController.java,edu.ucsb.cs156.example.controllers.UCSBDatesController,org.pitest.mutationtest.engine.gregor.mutators.returns.NullReturnValsMutator,lambda$updateUCSBDate$2,138,KILLED,edu.ucsb.cs156.example.controllers.UCSBDatesControllerTests.[engine:junit-jupiter]/[class:edu.ucsb.cs156.example.controllers.UCSBDatesControllerTests]/[method:admin_cannot_edit_ucsbdate_that_does_not_exist()]
UCSBDatesController.java,edu.ucsb.cs156.example.controllers.UCSBDatesController,org.pitest.mutationtest.engine.gregor.mutators.VoidMethodCallMutator,postUCSBDate,94,KILLED,edu.ucsb.cs156.example.controllers.UCSBDatesControllerTests.[engine:junit-jupiter]/[class:edu.ucsb.cs156.example.controllers.UCSBDatesControllerTests]/[method:an_admin_user_can_post_a_new_ucsbdate()]
UCSBDatesController.java,edu.ucsb.cs156.example.controllers.UCSBDatesController,org.pitest.mutationtest.engine.gregor.mutators.VoidMethodCallMutator,postUCSBDate,95,KILLED,edu.ucsb.cs156.example.controllers.UCSBDatesControllerTests.[engine:junit-jupiter]/[class:edu.ucsb.cs156.example.controllers.UCSBDatesControllerTests]/[method:an_admin_user_can_post_a_new_ucsbdate()]
UCSBDatesController.java,edu.ucsb.cs156.example.controllers.UCSBDatesController,org.pitest.mutationtest.engine.gregor.mutators.VoidMethodCallMutator,postUCSBDate,96,KILLED,edu.ucsb.cs156.example.controllers.UCSBDatesControllerTests.[engine:junit-jupiter]/[class:edu.ucsb.cs156.example.controllers.UCSBDatesControllerTests]/[method:an_admin_user_can_post_a_new_ucsbdate()]
UCSBDatesController.java,edu.ucsb.cs156.example.controllers.UCSBDatesController,org.pitest.mutationtest.engine.gregor.mutators.returns.NullReturnValsMutator,postUCSBDate,100,KILLED,edu.ucsb.cs156.example.controllers.UCSBDatesControllerTests.[engine:junit-jupiter]/[class:edu.ucsb.cs156.example.controllers.UCSBDatesControllerTests]/[method:an_admin_user_can_post_a_new_ucsbdate()]
UCSBDatesController.java,edu.ucsb.cs156.example.controllers.UCSBDatesController,org.pitest.mutationtest.engine.gregor.mutators.VoidMethodCallMutator,updateUCSBDate,140,KILLED,edu.ucsb.cs156.example.controllers.UCSBDatesControllerTests.[engine:junit-jupiter]/[class:edu.ucsb.cs156.example.controllers.UCSBDatesControllerTests]/[method:admin_can_edit_an_existing_ucsbdate()]
UCSBDatesController.java,edu.ucsb.cs156.example.controllers.UCSBDatesController,org.pitest.mutationtest.engine.gregor.mutators.VoidMethodCallMutator,updateUCSBDate,141,KILLED,edu.ucsb.cs156.example.controllers.UCSBDatesControllerTests.[engine:junit-jupiter]/[class:edu.ucsb.cs156.example.controllers.UCSBDatesControllerTests]/[method:admin_can_edit_an_existing_ucsbdate()]
UCSBDatesController.java,edu.ucsb.cs156.example.controllers.UCSBDatesController,org.pitest.mutationtest.engine.gregor.mutators.VoidMethodCallMutator,updateUCSBDate,142,KILLED,edu.ucsb.cs156.example.controllers.UCSBDatesControllerTests.[engine:junit-jupiter]/[class:edu.ucsb.cs156.example.controllers.UCSBDatesControllerTests]/[method:admin_can_edit_an_existing_ucsbdate()]
UCSBDatesController.java,edu.ucsb.cs156.example.controllers.UCSBDatesController,org.pitest.mutationtest.engine.gregor.mutators.returns.NullReturnValsMutator,updateUCSBDate,146,KILLED,edu.ucsb.cs156.example.controllers.UCSBDatesControllerTests.[engine:junit-jupiter]/[class:edu.ucsb.cs156.example.controllers.UCSBDatesControllerTests]/[method:admin_can_edit_an_existing_ucsbdate()]
UCSBDiningCommonsController.java,edu.ucsb.cs156.example.controllers.UCSBDiningCommonsController,org.pitest.mutationtest.engine.gregor.mutators.returns.EmptyObjectReturnValsMutator,allCommonss,41,KILLED,edu.ucsb.cs156.example.controllers.UCSBDiningCommonsControllerTests.[engine:junit-jupiter]/[class:edu.ucsb.cs156.example.controllers.UCSBDiningCommonsControllerTests]/[method:logged_in_user_can_get_all_ucsbdiningcommons()]
UCSBDiningCommonsController.java,edu.ucsb.cs156.example.controllers.UCSBDiningCommonsController,org.pitest.mutationtest.engine.gregor.mutators.VoidMethodCallMutator,deleteCommons,115,KILLED,edu.ucsb.cs156.example.controllers.UCSBDiningCommonsControllerTests.[engine:junit-jupiter]/[class:edu.ucsb.cs156.example.controllers.UCSBDiningCommonsControllerTests]/[method:admin_can_delete_a_date()]
UCSBDiningCommonsController.java,edu.ucsb.cs156.example.controllers.UCSBDiningCommonsController,org.pitest.mutationtest.engine.gregor.mutators.returns.NullReturnValsMutator,deleteCommons,116,KILLED,edu.ucsb.cs156.example.controllers.UCSBDiningCommonsControllerTests.[engine:junit-jupiter]/[class:edu.ucsb.cs156.example.controllers.UCSBDiningCommonsControllerTests]/[method:admin_can_delete_a_date()]
UCSBDiningCommonsController.java,edu.ucsb.cs156.example.controllers.UCSBDiningCommonsController,org.pitest.mutationtest.engine.gregor.mutators.returns.NullReturnValsMutator,getById,59,KILLED,edu.ucsb.cs156.example.controllers.UCSBDiningCommonsControllerTests.[engine:junit-jupiter]/[class:edu.ucsb.cs156.example.controllers.UCSBDiningCommonsControllerTests]/[method:test_that_logged_in_user_can_get_by_id_when_the_id_exists()]
UCSBDiningCommonsController.java,edu.ucsb.cs156.example.controllers.UCSBDiningCommonsController,org.pitest.mutationtest.engine.gregor.mutators.returns.NullReturnValsMutator,lambda$deleteCommons$1,113,KILLED,edu.ucsb.cs156.example.controllers.UCSBDiningCommonsControllerTests.[engine:junit-jupiter]/[class:edu.ucsb.cs156.example.controllers.UCSBDiningCommonsControllerTests]/[method:admin_tries_to_delete_non_existant_commons_and_gets_right_error_message()]
UCSBDiningCommonsController.java,edu.ucsb.cs156.example.controllers.UCSBDiningCommonsController,org.pitest.mutationtest.engine.gregor.mutators.returns.NullReturnValsMutator,lambda$getById$0,57,KILLED,edu.ucsb.cs156.example.controllers.UCSBDiningCommonsControllerTests.[engine:junit-jupiter]/[class:edu.ucsb.cs156.example.controllers.UCSBDiningCommonsControllerTests]/[method:test_that_logged_in_user_can_get_by_id_when_the_id_does_not_exist()]
UCSBDiningCommonsController.java,edu.ucsb.cs156.example.controllers.UCSBDiningCommonsController,org.pitest.mutationtest.engine.gregor.mutators.returns.NullReturnValsMutator,lambda$updateCommons$2,136,KILLED,edu.ucsb.cs156.example.controllers.UCSBDiningCommonsControllerTests.[engine:junit-jupiter]/[class:edu.ucsb.cs156.example.controllers.UCSBDiningCommonsControllerTests]/[method:admin_cannot_edit_commons_that_does_not_exist()]
UCSBDiningCommonsController.java,edu.ucsb.cs156.example.controllers.UCSBDiningCommonsController,org.pitest.mutationtest.engine.gregor.mutators.VoidMethodCallMutator,postCommons,87,KILLED,edu.ucsb.cs156.example.controllers.UCSBDiningCommonsControllerTests.[engine:junit-jupiter]/[class:edu.ucsb.cs156.example.controllers.UCSBDiningCommonsControllerTests]/[method:an_admin_user_can_post_a_new_commons()]
UCSBDiningCommonsController.java,edu.ucsb.cs156.example.controllers.UCSBDiningCommonsController,org.pitest.mutationtest.engine.gregor.mutators.VoidMethodCallMutator,postCommons,88,KILLED,edu.ucsb.cs156.example.controllers.UCSBDiningCommonsControllerTests.[engine:junit-jupiter]/[class:edu.ucsb.cs156.example.controllers.UCSBDiningCommonsControllerTests]/[method:an_admin_user_can_post_a_new_commons()]
UCSBDiningCommonsController.java,edu.ucsb.cs156.example.controllers.UCSBDiningCommonsController,org.pitest.mutationtest.engine.gregor.mutators.VoidMethodCallMutator,postCommons,89,KILLED,edu.ucsb.cs156.example.controllers.UCSBDiningCommonsControllerTests.[engine:junit-jupiter]/[class:edu.ucsb.cs156.example.controllers.UCSBDiningCommonsControllerTests]/[method:an_admin_user_can_post_a_new_commons()]
UCSBDiningCommonsController.java,edu.ucsb.cs156.example.controllers.UCSBDiningCommonsController,org.pitest.mutationtest.engine.gregor.mutators.VoidMethodCallMutator,postCommons,90,KILLED,edu.ucsb.cs156.example.controllers.UCSBDiningCommonsControllerTests.[engine:junit-jupiter]/[class:edu.ucsb.cs156.example.controllers.UCSBDiningCommonsControllerTests]/[method:an_admin_user_can_post_a_new_commons()]
UCSBDiningCommonsController.java,edu.ucsb.cs156.example.controllers.UCSBDiningCommonsController,org.pitest.mutationtest.engine.gregor.mutators.VoidMethodCallMutator,postCommons,91,KILLED,edu.ucsb.cs156.example.controllers.UCSBDiningCommonsControllerTests.[engine:junit-jupiter]/[class:edu.ucsb.cs156.example.controllers.UCSBDiningCommonsControllerTests]/[method:an_admin_user_can_post_a_new_commons()]
UCSBDiningCommonsController.java,edu.ucsb.cs156.example.controllers.UCSBDiningCommonsController,org.pitest.mutationtest.engine.gregor.mutators.VoidMethodCallMutator,postCommons,92,KILLED,edu.ucsb.cs156.example.controllers.UCSBDiningCommonsControllerTests.[engine:junit-jupiter]/[class:edu.ucsb.cs156.example.controllers.UCSBDiningCommonsControllerTests]/[method:an_admin_user_can_post_a_new_commons()]
UCSBDiningCommonsController.java,edu.ucsb.cs156.example.controllers.UCSBDiningCommonsController,org.pitest.mutationtest.engine.gregor.mutators.VoidMethodCallMutator,postCommons,93,KILLED,edu.ucsb.cs156.example.controllers.UCSBDiningCommonsControllerTests.[engine:junit-jupiter]/[class:edu.ucsb.cs156.example.controllers.UCSBDiningCommonsControllerTests]/[method:an_admin_user_can_post_a_new_commons()]
UCSBDiningCommonsController.java,edu.ucsb.cs156.example.controllers.UCSBDiningCommonsController,org.pitest.mutationtest.engine.gregor.mutators.returns.NullReturnValsMutator,postCommons,97,KILLED,edu.ucsb.cs156.example.controllers.UCSBDiningCommonsControllerTests.[engine:junit-jupiter]/[class:edu.ucsb.cs156.example.controllers.UCSBDiningCommonsControllerTests]/[method:an_admin_user_can_post_a_new_commons()]
UCSBDiningCommonsController.java,edu.ucsb.cs156.example.controllers.UCSBDiningCommonsController,org.pitest.mutationtest.engine.gregor.mutators.VoidMethodCallMutator,updateCommons,138,KILLED,edu.ucsb.cs156.example.controllers.UCSBDiningCommonsControllerTests.[engine:junit-jupiter]/[class:edu.ucsb.cs156.example.controllers.UCSBDiningCommonsControllerTests]/[method:admin_can_edit_an_existing_commons()]
UCSBDiningCommonsController.java,edu.ucsb.cs156.example.controllers.UCSBDiningCommonsController,org.pitest.mutationtest.engine.gregor.mutators.VoidMethodCallMutator,updateCommons,139,KILLED,edu.ucsb.cs156.example.controllers.UCSBDiningCommonsControllerTests.[engine:junit-jupiter]/[class:edu.ucsb.cs156.example.controllers.UCSBDiningCommonsControllerTests]/[method:admin_can_edit_an_existing_commons()]
UCSBDiningCommonsController.java,edu.ucsb.cs156.example.controllers.UCSBDiningCommonsController,org.pitest.mutationtest.engine.gregor.mutators.VoidMethodCallMutator,updateCommons,140,KILLED,edu.ucsb.cs156.example.controllers.UCSBDiningCommonsControllerTests.[engine:junit-jupiter]/[class:edu.ucsb.cs156.example.controllers.UCSBDiningCommonsControllerTests]/[method:admin_can_edit_an_existing_commons()]
UCSBDiningCommonsController.java,edu.ucsb.cs156.example.controllers.UCSBDiningCommonsController,org.pitest.mutationtest.engine.gregor.mutators.VoidMethodCallMutator,updateCommons,141,KILLED,edu.ucsb.cs156.example.controllers.UCSBDiningCommonsControllerTests.[engine:junit-jupiter]/[class:edu.ucsb.cs156.example.controllers.UCSBDiningCommonsControllerTests]/[method:admin_can_edit_an_existing_commons()]
UCSBDiningCommonsController.java,edu.ucsb.cs156.example.controllers.UCSBDiningCommonsController,org.pitest.mutationtest.engine.gregor.mutators.VoidMethodCallMutator,updateCommons,142,KILLED,edu.ucsb.cs156.example.controllers.UCSBDiningCommonsControllerTests.[engine:junit-jupiter]/[class:edu.ucsb.cs156.example.controllers.UCSBDiningCommonsControllerTests]/[method:admin_can_edit_an_existing_commons()]
UCSBDiningCommonsController.java,edu.ucsb.cs156.example.controllers.UCSBDiningCommonsController,org.pitest.mutationtest.engine.gregor.mutators.VoidMethodCallMutator,updateCommons,143,KILLED,edu.ucsb.cs156.example.controllers.UCSBDiningCommonsControllerTests.[engine:junit-jupiter]/[class:edu.ucsb.cs156.example.controllers.UCSBDiningCommonsControllerTests]/[method:admin_can_edit_an_existing_commons()]
UCSBDiningCommonsController.java,edu.ucsb.cs156.example.controllers.UCSBDiningCommonsController,org.pitest.mutationtest.engine.gregor.mutators.returns.NullReturnValsMutator,updateCommons,147,KILLED,edu.ucsb.cs156.example.controllers.UCSBDiningCommonsControllerTests.[engine:junit-jupiter]/[class:edu.ucsb.cs156.example.controllers.UCSBDiningCommonsControllerTests]/[method:admin_can_edit_an_existing_commons()]
UCSBDiningCommonsMenuItemController.java,edu.ucsb.cs156.example.controllers.UCSBDiningCommonsMenuItemController,org.pitest.mutationtest.engine.gregor.mutators.returns.EmptyObjectReturnValsMutator,allUCSBDiningCommonsMenuItems,41,KILLED,edu.ucsb.cs156.example.controllers.UCSBDiningCommonsMenuItemControllerTests.[engine:junit-jupiter]/[class:edu.ucsb.cs156.example.controllers.UCSBDiningCommonsMenuItemControllerTests]/[method:logged_in_user_can_get_all_menu_items()]
UCSBDiningCommonsMenuItemController.java,edu.ucsb.cs156.example.controllers.UCSBDiningCommonsMenuItemController,org.pitest.mutationtest.engine.gregor.mutators.VoidMethodCallMutator,deleteUCSBDiningCommonsMenuItem,104,KILLED,edu.ucsb.cs156.example.controllers.UCSBDiningCommonsMenuItemControllerTests.[engine:junit-jupiter]/[class:edu.ucsb.cs156.example.controllers.UCSBDiningCommonsMenuItemControllerTests]/[method:admin_can_delete_a_date()]
UCSBDiningCommonsMenuItemController.java,edu.ucsb.cs156.example.controllers.UCSBDiningCommonsMenuItemController,org.pitest.mutationtest.engine.gregor.mutators.returns.NullReturnValsMutator,deleteUCSBDiningCommonsMenuItem,105,KILLED,edu.ucsb.cs156.example.controllers.UCSBDiningCommonsMenuItemControllerTests.[engine:junit-jupiter]/[class:edu.ucsb.cs156.example.controllers.UCSBDiningCommonsMenuItemControllerTests]/[method:admin_can_delete_a_date()]
UCSBDiningCommonsMenuItemController.java,edu.ucsb.cs156.example.controllers.UCSBDiningCommonsMenuItemController,org.pitest.mutationtest.engine.gregor.mutators.returns.NullReturnValsMutator,getById,59,KILLED,edu.ucsb.cs156.example.controllers.UCSBDiningCommonsMenuItemControllerTests.[engine:junit-jupiter]/[class:edu.ucsb.cs156.example.controllers.UCSBDiningCommonsMenuItemControllerTests]/[method:test_that_logged_in_user_can_get_by_id_when_the_id_exists()]
UCSBDiningCommonsMenuItemController.java,edu.ucsb.cs156.example.controllers.UCSBDiningCommonsMenuItemController,org.pitest.mutationtest.engine.gregor.mutators.returns.NullReturnValsMutator,lambda$deleteUCSBDiningCommonsMenuItem$1,102,KILLED,edu.ucsb.cs156.example.controllers.UCSBDiningCommonsMenuItemControllerTests.[engine:junit-jupiter]/[class:edu.ucsb.cs156.example.controllers.UCSBDiningCommonsMenuItemControllerTests]/[method:admin_tries_to_delete_non_existant_UCSBDiningCommonsMenuItem_and_gets_right_error_message()]
UCSBDiningCommonsMenuItemController.java,edu.ucsb.cs156.example.controllers.UCSBDiningCommonsMenuItemController,org.pitest.mutationtest.engine.gregor.mutators.returns.NullReturnValsMutator,lambda$getById$0,57,KILLED,edu.ucsb.cs156.example.controllers.UCSBDiningCommonsMenuItemControllerTests.[engine:junit-jupiter]/[class:edu.ucsb.cs156.example.controllers.UCSBDiningCommonsMenuItemControllerTests]/[method:test_that_logged_in_user_can_get_by_id_when_the_id_does_not_exist()]
UCSBDiningCommonsMenuItemController.java,edu.ucsb.cs156.example.controllers.UCSBDiningCommonsMenuItemController,org.pitest.mutationtest.engine.gregor.mutators.returns.NullReturnValsMutator,lambda$updateUCSBDiningCommonsMenuItem$2,125,KILLED,edu.ucsb.cs156.example.controllers.UCSBDiningCommonsMenuItemControllerTests.[engine:junit-jupiter]/[class:edu.ucsb.cs156.example.controllers.UCSBDiningCommonsMenuItemControllerTests]/[method:admin_cannot_edit_ucsbdiningcommonsmenuitem_that_does_not_exist()]
UCSBDiningCommonsMenuItemController.java,edu.ucsb.cs156.example.controllers.UCSBDiningCommonsMenuItemController,org.pitest.mutationtest.engine.gregor.mutators.VoidMethodCallMutator,postUCSBDiningCommonsMenuItem,79,KILLED,edu.ucsb.cs156.example.controllers.UCSBDiningCommonsMenuItemControllerTests.[engine:junit-jupiter]/[class:edu.ucsb.cs156.example.controllers.UCSBDiningCommonsMenuItemControllerTests]/[method:an_admin_user_can_post_a_new_ucsbDiningCommonsMenuItem()]
UCSBDiningCommonsMenuItemController.java,edu.ucsb.cs156.example.controllers.UCSBDiningCommonsMenuItemController,org.pitest.mutationtest.engine.gregor.mutators.VoidMethodCallMutator,postUCSBDiningCommonsMenuItem,80,KILLED,edu.ucsb.cs156.example.controllers.UCSBDiningCommonsMenuItemControllerTests.[engine:junit-jupiter]/[class:edu.ucsb.cs156.example.controllers.UCSBDiningCommonsMenuItemControllerTests]/[method:an_admin_user_can_post_a_new_ucsbDiningCommonsMenuItem()]
UCSBDiningCommonsMenuItemController.java,edu.ucsb.cs156.example.controllers.UCSBDiningCommonsMenuItemController,org.pitest.mutationtest.engine.gregor.mutators.VoidMethodCallMutator,postUCSBDiningCommonsMenuItem,81,KILLED,edu.ucsb.cs156.example.controllers.UCSBDiningCommonsMenuItemControllerTests.[engine:junit-jupiter]/[class:edu.ucsb.cs156.example.controllers.UCSBDiningCommonsMenuItemControllerTests]/[method:an_admin_user_can_post_a_new_ucsbDiningCommonsMenuItem()]
UCSBDiningCommonsMenuItemController.java,edu.ucsb.cs156.example.controllers.UCSBDiningCommonsMenuItemController,org.pitest.mutationtest.engine.gregor.mutators.returns.NullReturnValsMutator,postUCSBDiningCommonsMenuItem,86,KILLED,edu.ucsb.cs156.example.controllers.UCSBDiningCommonsMenuItemControllerTests.[engine:junit-jupiter]/[class:edu.ucsb.cs156.example.controllers.UCSBDiningCommonsMenuItemControllerTests]/[method:an_admin_user_can_post_a_new_ucsbDiningCommonsMenuItem()]
UCSBDiningCommonsMenuItemController.java,edu.ucsb.cs156.example.controllers.UCSBDiningCommonsMenuItemController,org.pitest.mutationtest.engine.gregor.mutators.VoidMethodCallMutator,updateUCSBDiningCommonsMenuItem,127,KILLED,edu.ucsb.cs156.example.controllers.UCSBDiningCommonsMenuItemControllerTests.[engine:junit-jupiter]/[class:edu.ucsb.cs156.example.controllers.UCSBDiningCommonsMenuItemControllerTests]/[method:admin_can_edit_an_existing_ucsbdiningcommonsmenuitem()]
UCSBDiningCommonsMenuItemController.java,edu.ucsb.cs156.example.controllers.UCSBDiningCommonsMenuItemController,org.pitest.mutationtest.engine.gregor.mutators.VoidMethodCallMutator,updateUCSBDiningCommonsMenuItem,128,KILLED,edu.ucsb.cs156.example.controllers.UCSBDiningCommonsMenuItemControllerTests.[engine:junit-jupiter]/[class:edu.ucsb.cs156.example.controllers.UCSBDiningCommonsMenuItemControllerTests]/[method:admin_can_edit_an_existing_ucsbdiningcommonsmenuitem()]
UCSBDiningCommonsMenuItemController.java,edu.ucsb.cs156.example.controllers.UCSBDiningCommonsMenuItemController,org.pitest.mutationtest.engine.gregor.mutators.VoidMethodCallMutator,updateUCSBDiningCommonsMenuItem,129,KILLED,edu.ucsb.cs156.example.controllers.UCSBDiningCommonsMenuItemControllerTests.[engine:junit-jupiter]/[class:edu.ucsb.cs156.example.controllers.UCSBDiningCommonsMenuItemControllerTests]/[method:admin_can_edit_an_existing_ucsbdiningcommonsmenuitem()]
UCSBDiningCommonsMenuItemController.java,edu.ucsb.cs156.example.controllers.UCSBDiningCommonsMenuItemController,org.pitest.mutationtest.engine.gregor.mutators.returns.NullReturnValsMutator,updateUCSBDiningCommonsMenuItem,133,KILLED,edu.ucsb.cs156.example.controllers.UCSBDiningCommonsMenuItemControllerTests.[engine:junit-jupiter]/[class:edu.ucsb.cs156.example.controllers.UCSBDiningCommonsMenuItemControllerTests]/[method:admin_can_edit_an_existing_ucsbdiningcommonsmenuitem()]
UserInfoController.java,edu.ucsb.cs156.example.controllers.UserInfoController,org.pitest.mutationtest.engine.gregor.mutators.returns.NullReturnValsMutator,getCurrentUser,26,KILLED,edu.ucsb.cs156.example.controllers.UserInfoControllerTests.[engine:junit-jupiter]/[class:edu.ucsb.cs156.example.controllers.UserInfoControllerTests]/[method:currentUser__logged_in()]
UsersController.java,edu.ucsb.cs156.example.controllers.UsersController,org.pitest.mutationtest.engine.gregor.mutators.returns.NullReturnValsMutator,users,41,KILLED,edu.ucsb.cs156.example.controllers.UsersControllerTests.[engine:junit-jupiter]/[class:edu.ucsb.cs156.example.controllers.UsersControllerTests]/[method:users__admin_logged_in()]
TestJob.java,edu.ucsb.cs156.example.jobs.TestJob,org.pitest.mutationtest.engine.gregor.mutators.NegateConditionalsMutator,accept,17,TIMED_OUT,none
TestJob.java,edu.ucsb.cs156.example.jobs.TestJob,org.pitest.mutationtest.engine.gregor.mutators.VoidMethodCallMutator,accept,15,KILLED,edu.ucsb.cs156.example.controllers.JobsControllerTests.[engine:junit-jupiter]/[class:edu.ucsb.cs156.example.controllers.JobsControllerTests]/[method:admin_can_launch_test_job()]
TestJob.java,edu.ucsb.cs156.example.jobs.TestJob,org.pitest.mutationtest.engine.gregor.mutators.VoidMethodCallMutator,accept,16,KILLED,edu.ucsb.cs156.example.controllers.JobsControllerTests.[engine:junit-jupiter]/[class:edu.ucsb.cs156.example.controllers.JobsControllerTests]/[method:admin_can_launch_test_job()]
TestJob.java,edu.ucsb.cs156.example.jobs.TestJob,org.pitest.mutationtest.engine.gregor.mutators.VoidMethodCallMutator,accept,20,TIMED_OUT,none
CurrentUserService.java,edu.ucsb.cs156.example.services.CurrentUserService,org.pitest.mutationtest.engine.gregor.mutators.returns.EmptyObjectReturnValsMutator,getRolesSorted,54,KILLED,edu.ucsb.cs156.example.controllers.HomepageControllerTests.[engine:junit-jupiter]/[class:edu.ucsb.cs156.example.controllers.HomepageControllerTests]/[method:test_homepage_admin_logged_in()]
CurrentUserService.java,edu.ucsb.cs156.example.services.CurrentUserService,org.pitest.mutationtest.engine.gregor.mutators.NegateConditionalsMutator,isLoggedIn,43,KILLED,edu.ucsb.cs156.example.services.CurrentUserServiceTests.[engine:junit-jupiter]/[class:edu.ucsb.cs156.example.services.CurrentUserServiceTests]/[method:test_isLoggedIn_returns_true()]
CurrentUserService.java,edu.ucsb.cs156.example.services.CurrentUserService,org.pitest.mutationtest.engine.gregor.mutators.returns.BooleanTrueReturnValsMutator,isLoggedIn,43,KILLED,edu.ucsb.cs156.example.controllers.HomepageControllerTests.[engine:junit-jupiter]/[class:edu.ucsb.cs156.example.controllers.HomepageControllerTests]/[method:test_homepage_not_logged_in()]
SystemInfoServiceImpl.java,edu.ucsb.cs156.example.services.SystemInfoServiceImpl,org.pitest.mutationtest.engine.gregor.mutators.returns.NullReturnValsMutator,getSystemInfo,60,KILLED,edu.ucsb.cs156.example.services.SystemInfoServiceImplTests.[engine:junit-jupiter]/[class:edu.ucsb.cs156.example.services.SystemInfoServiceImplTests]/[method:test_getSystemInfo()]
SystemInfoServiceImpl.java,edu.ucsb.cs156.example.services.SystemInfoServiceImpl,org.pitest.mutationtest.engine.gregor.mutators.NegateConditionalsMutator,githubUrl,39,KILLED,edu.ucsb.cs156.example.services.SystemInfoServiceImplTests.[engine:junit-jupiter]/[class:edu.ucsb.cs156.example.services.SystemInfoServiceImplTests]/[method:test_githubUrl()]
SystemInfoServiceImpl.java,edu.ucsb.cs156.example.services.SystemInfoServiceImpl,org.pitest.mutationtest.engine.gregor.mutators.NegateConditionalsMutator,githubUrl,39,KILLED,edu.ucsb.cs156.example.services.SystemInfoServiceImplTests.[engine:junit-jupiter]/[class:edu.ucsb.cs156.example.services.SystemInfoServiceImplTests]/[method:test_githubUrl()]
SystemInfoServiceImpl.java,edu.ucsb.cs156.example.services.SystemInfoServiceImpl,org.pitest.mutationtest.engine.gregor.mutators.returns.EmptyObjectReturnValsMutator,githubUrl,39,KILLED,edu.ucsb.cs156.example.services.SystemInfoServiceImplTests.[engine:junit-jupiter]/[class:edu.ucsb.cs156.example.services.SystemInfoServiceImplTests]/[method:test_githubUrl()]
JobContext.java,edu.ucsb.cs156.example.services.jobs.JobContext,org.pitest.mutationtest.engine.gregor.mutators.NegateConditionalsMutator,log,16,KILLED,edu.ucsb.cs156.example.services.jobs.JobContextTests.[engine:junit-jupiter]/[class:edu.ucsb.cs156.example.services.jobs.JobContextTests]/[method:when_jobs_repository_is_null_does_not_save()]
JobContext.java,edu.ucsb.cs156.example.services.jobs.JobContext,org.pitest.mutationtest.engine.gregor.mutators.NegateConditionalsMutator,log,18,KILLED,edu.ucsb.cs156.example.services.jobs.JobContextTests.[engine:junit-jupiter]/[class:edu.ucsb.cs156.example.services.jobs.JobContextTests]/[method:when_jobs_repository_is_null_does_not_save()]
JobContext.java,edu.ucsb.cs156.example.services.jobs.JobContext,org.pitest.mutationtest.engine.gregor.mutators.VoidMethodCallMutator,log,17,KILLED,edu.ucsb.cs156.example.services.jobs.JobContextTests.[engine:junit-jupiter]/[class:edu.ucsb.cs156.example.services.jobs.JobContextTests]/[method:when_jobs_repository_is_null_does_not_save()]
JobService.java,edu.ucsb.cs156.example.services.jobs.JobService,org.pitest.mutationtest.engine.gregor.mutators.NegateConditionalsMutator,getJobLogs,51,KILLED,edu.ucsb.cs156.example.services.JobLogsServiceTests.[engine:junit-jupiter]/[class:edu.ucsb.cs156.example.services.JobLogsServiceTests]/[method:test_getJobLogs_with_null_log()]
JobService.java,edu.ucsb.cs156.example.services.jobs.JobService,org.pitest.mutationtest.engine.gregor.mutators.returns.NullReturnValsMutator,lambda$getJobLogs$0,48,KILLED,edu.ucsb.cs156.example.services.JobLogsServiceTests.[engine:junit-jupiter]/[class:edu.ucsb.cs156.example.services.JobLogsServiceTests]/[method:test_getJobLogs_job_not_found()]
JobService.java,edu.ucsb.cs156.example.services.jobs.JobService,org.pitest.mutationtest.engine.gregor.mutators.VoidMethodCallMutator,runAsJob,23,KILLED,edu.ucsb.cs156.example.controllers.JobsControllerTests.[engine:junit-jupiter]/[class:edu.ucsb.cs156.example.controllers.JobsControllerTests]/[method:admin_can_launch_test_job()]
JobService.java,edu.ucsb.cs156.example.services.jobs.JobService,org.pitest.mutationtest.engine.gregor.mutators.returns.NullReturnValsMutator,runAsJob,25,KILLED,edu.ucsb.cs156.example.controllers.JobsControllerTests.[engine:junit-jupiter]/[class:edu.ucsb.cs156.example.controllers.JobsControllerTests]/[method:admin_can_launch_test_job()]
JobService.java,edu.ucsb.cs156.example.services.jobs.JobService,org.pitest.mutationtest.engine.gregor.mutators.VoidMethodCallMutator,runJobAsync,33,KILLED,edu.ucsb.cs156.example.controllers.JobsControllerTests.[engine:junit-jupiter]/[class:edu.ucsb.cs156.example.controllers.JobsControllerTests]/[method:admin_can_launch_test_job()]
JobService.java,edu.ucsb.cs156.example.services.jobs.JobService,org.pitest.mutationtest.engine.gregor.mutators.VoidMethodCallMutator,runJobAsync,35,TIMED_OUT,none
JobService.java,edu.ucsb.cs156.example.services.jobs.JobService,org.pitest.mutationtest.engine.gregor.mutators.VoidMethodCallMutator,runJobAsync,40,TIMED_OUT,none
UCSBOrganizationsController.java,edu.ucsb.cs156.example.controllers.UCSBOrganizationsController,org.pitest.mutationtest.engine.gregor.mutators.returns.EmptyObjectReturnValsMutator,allOrganizations,40,KILLED,edu.ucsb.cs156.example.controllers.UCSBOrganizationsControllerTests.[engine:junit-jupiter]/[class:edu.ucsb.cs156.example.controllers.UCSBOrganizationsControllerTests]/[method:logged_in_user_can_get_all_ucsborganizations()]
UCSBOrganizationsController.java,edu.ucsb.cs156.example.controllers.UCSBOrganizationsController,org.pitest.mutationtest.engine.gregor.mutators.VoidMethodCallMutator,deleteOrganization,132,KILLED,edu.ucsb.cs156.example.controllers.UCSBOrganizationsControllerTests.[engine:junit-jupiter]/[class:edu.ucsb.cs156.example.controllers.UCSBOrganizationsControllerTests]/[method:admin_can_delete_a_date()]
UCSBOrganizationsController.java,edu.ucsb.cs156.example.controllers.UCSBOrganizationsController,org.pitest.mutationtest.engine.gregor.mutators.returns.NullReturnValsMutator,deleteOrganization,133,KILLED,edu.ucsb.cs156.example.controllers.UCSBOrganizationsControllerTests.[engine:junit-jupiter]/[class:edu.ucsb.cs156.example.controllers.UCSBOrganizationsControllerTests]/[method:admin_can_delete_a_date()]
UCSBOrganizationsController.java,edu.ucsb.cs156.example.controllers.UCSBOrganizationsController,org.pitest.mutationtest.engine.gregor.mutators.returns.NullReturnValsMutator,getById,86,KILLED,edu.ucsb.cs156.example.controllers.UCSBOrganizationsControllerTests.[engine:junit-jupiter]/[class:edu.ucsb.cs156.example.controllers.UCSBOrganizationsControllerTests]/[method:test_that_logged_in_user_can_get_by_id_when_the_id_exists()]
UCSBOrganizationsController.java,edu.ucsb.cs156.example.controllers.UCSBOrganizationsController,org.pitest.mutationtest.engine.gregor.mutators.returns.NullReturnValsMutator,lambda$deleteOrganization$2,130,KILLED,edu.ucsb.cs156.example.controllers.UCSBOrganizationsControllerTests.[engine:junit-jupiter]/[class:edu.ucsb.cs156.example.controllers.UCSBOrganizationsControllerTests]/[method:admin_tries_to_delete_non_existant_commons_and_gets_right_error_message()]
UCSBOrganizationsController.java,edu.ucsb.cs156.example.controllers.UCSBOrganizationsController,org.pitest.mutationtest.engine.gregor.mutators.returns.NullReturnValsMutator,lambda$getById$0,84,KILLED,edu.ucsb.cs156.example.controllers.UCSBOrganizationsControllerTests.[engine:junit-jupiter]/[class:edu.ucsb.cs156.example.controllers.UCSBOrganizationsControllerTests]/[method:test_that_logged_in_user_can_get_by_id_when_the_id_does_not_exist()]
UCSBOrganizationsController.java,edu.ucsb.cs156.example.controllers.UCSBOrganizationsController,org.pitest.mutationtest.engine.gregor.mutators.returns.NullReturnValsMutator,lambda$updateOrganization$1,106,KILLED,edu.ucsb.cs156.example.controllers.UCSBOrganizationsControllerTests.[engine:junit-jupiter]/[class:edu.ucsb.cs156.example.controllers.UCSBOrganizationsControllerTests]/[method:admin_cannot_edit_commons_that_does_not_exist()]
UCSBOrganizationsController.java,edu.ucsb.cs156.example.controllers.UCSBOrganizationsController,org.pitest.mutationtest.engine.gregor.mutators.VoidMethodCallMutator,postCommons,61,KILLED,edu.ucsb.cs156.example.controllers.UCSBOrganizationsControllerTests.[engine:junit-jupiter]/[class:edu.ucsb.cs156.example.controllers.UCSBOrganizationsControllerTests]/[method:an_admin_user_can_post_a_new_commons()]
UCSBOrganizationsController.java,edu.ucsb.cs156.example.controllers.UCSBOrganizationsController,org.pitest.mutationtest.engine.gregor.mutators.VoidMethodCallMutator,postCommons,62,KILLED,edu.ucsb.cs156.example.controllers.UCSBOrganizationsControllerTests.[engine:junit-jupiter]/[class:edu.ucsb.cs156.example.controllers.UCSBOrganizationsControllerTests]/[method:an_admin_user_can_post_a_new_commons()]
UCSBOrganizationsController.java,edu.ucsb.cs156.example.controllers.UCSBOrganizationsController,org.pitest.mutationtest.engine.gregor.mutators.VoidMethodCallMutator,postCommons,63,KILLED,edu.ucsb.cs156.example.controllers.UCSBOrganizationsControllerTests.[engine:junit-jupiter]/[class:edu.ucsb.cs156.example.controllers.UCSBOrganizationsControllerTests]/[method:an_admin_user_can_post_a_new_commons()]
UCSBOrganizationsController.java,edu.ucsb.cs156.example.controllers.UCSBOrganizationsController,org.pitest.mutationtest.engine.gregor.mutators.VoidMethodCallMutator,postCommons,64,KILLED,edu.ucsb.cs156.example.controllers.UCSBOrganizationsControllerTests.[engine:junit-jupiter]/[class:edu.ucsb.cs156.example.controllers.UCSBOrganizationsControllerTests]/[method:an_admin_user_can_post_a_new_commons()]
UCSBOrganizationsController.java,edu.ucsb.cs156.example.controllers.UCSBOrganizationsController,org.pitest.mutationtest.engine.gregor.mutators.returns.NullReturnValsMutator,postCommons,68,KILLED,edu.ucsb.cs156.example.controllers.UCSBOrganizationsControllerTests.[engine:junit-jupiter]/[class:edu.ucsb.cs156.example.controllers.UCSBOrganizationsControllerTests]/[method:an_admin_user_can_post_a_new_commons()]
UCSBOrganizationsController.java,edu.ucsb.cs156.example.controllers.UCSBOrganizationsController,org.pitest.mutationtest.engine.gregor.mutators.VoidMethodCallMutator,updateOrganization,108,KILLED,edu.ucsb.cs156.example.controllers.UCSBOrganizationsControllerTests.[engine:junit-jupiter]/[class:edu.ucsb.cs156.example.controllers.UCSBOrganizationsControllerTests]/[method:admin_can_edit_an_existing_commons()]
UCSBOrganizationsController.java,edu.ucsb.cs156.example.controllers.UCSBOrganizationsController,org.pitest.mutationtest.engine.gregor.mutators.VoidMethodCallMutator,updateOrganization,109,KILLED,edu.ucsb.cs156.example.controllers.UCSBOrganizationsControllerTests.[engine:junit-jupiter]/[class:edu.ucsb.cs156.example.controllers.UCSBOrganizationsControllerTests]/[method:admin_can_edit_an_existing_commons()]
UCSBOrganizationsController.java,edu.ucsb.cs156.example.controllers.UCSBOrganizationsController,org.pitest.mutationtest.engine.gregor.mutators.VoidMethodCallMutator,updateOrganization,110,KILLED,edu.ucsb.cs156.example.controllers.UCSBOrganizationsControllerTests.[engine:junit-jupiter]/[class:edu.ucsb.cs156.example.controllers.UCSBOrganizationsControllerTests]/[method:admin_can_edit_an_existing_commons()]
UCSBOrganizationsController.java,edu.ucsb.cs156.example.controllers.UCSBOrganizationsController,org.pitest.mutationtest.engine.gregor.mutators.returns.NullReturnValsMutator,updateOrganization,114,KILLED,edu.ucsb.cs156.example.controllers.UCSBOrganizationsControllerTests.[engine:junit-jupiter]/[class:edu.ucsb.cs156.example.controllers.UCSBOrganizationsControllerTests]/[method:admin_can_edit_an_existing_commons()]
